    45
     1   -0.466165   -0.269140    0.000000       0.012346
     2   -0.349623   -0.201855    0.000000       0.012346
     3   -0.233082   -0.134570    0.000000       0.012346
     4   -0.116541   -0.067285    0.000000       0.012346
     5    0.000000    0.000000    0.000000       0.012346
     6    0.116541    0.067285    0.000000       0.012346
     7    0.233082    0.134570    0.000000       0.012346
     8    0.349623    0.201855    0.000000       0.012346
     9    0.466165    0.269140    0.000000       0.012346
    10   -0.466165   -0.134570    0.000000       0.024691
    11   -0.349623   -0.067285    0.000000       0.024691
    12   -0.233082   -0.000000    0.000000       0.024691
    13   -0.116541    0.067285    0.000000       0.024691
    14    0.000000    0.134570    0.000000       0.024691
    15    0.116541    0.201855    0.000000       0.024691
    16    0.233082    0.269140    0.000000       0.024691
    17    0.349623    0.336425    0.000000       0.024691
    18    0.466165    0.403711    0.000000       0.024691
    19   -0.466165   -0.000000    0.000000       0.024691
    20   -0.349623    0.067285    0.000000       0.024691
    21   -0.233082    0.134570    0.000000       0.024691
    22   -0.116541    0.201855    0.000000       0.024691
    23    0.000000    0.269140    0.000000       0.024691
    24    0.116541    0.336425    0.000000       0.024691
    25    0.233082    0.403711    0.000000       0.024691
    26    0.349623    0.470996    0.000000       0.024691
    27    0.466165    0.538281    0.000000       0.024691
    28   -0.466165    0.134570    0.000000       0.024691
    29   -0.349623    0.201855    0.000000       0.024691
    30   -0.233082    0.269140    0.000000       0.024691
    31   -0.116541    0.336425    0.000000       0.024691
    32    0.000000    0.403711    0.000000       0.024691
    33    0.116541    0.470996    0.000000       0.024691
    34    0.233082    0.538281    0.000000       0.024691
    35    0.349623    0.605566    0.000000       0.024691
    36    0.466165    0.672851    0.000000       0.024691
    37   -0.466165    0.269140    0.000000       0.024691
    38   -0.349623    0.336425    0.000000       0.024691
    39   -0.233082    0.403711    0.000000       0.024691
    40   -0.116541    0.470996    0.000000       0.024691
    41    0.000000    0.538281    0.000000       0.024691
    42    0.116541    0.605566    0.000000       0.024691
    43    0.233082    0.672851    0.000000       0.024691
    44    0.349623    0.740136    0.000000       0.024691
    45    0.466165    0.807421    0.000000       0.024691
