# rcut Energy(eV)
2.00   -2513.067061
2.05   -2513.065451
2.10   -2513.063574
2.15   -2513.061499
2.20   -2513.059482
2.25   -2513.057197
2.30   -2513.055320
2.35   -2513.053352
2.40   -2513.051570
2.45   -2513.050176
2.50   -2513.049079
2.55   -2513.048327
2.60   -2513.047961
2.65   -2513.048020
2.70   -2513.048465
2.75   -2513.049323
2.80   -2513.050630
2.85   -2513.052421
2.90   -2513.054733
2.95   -2513.057282
3.00   -2513.060786
3.05   -2513.064545
3.10   -2513.069018
3.15   -2513.074330
3.20   -2513.080616
3.25   -2513.088022
3.30   -2513.095564
3.35   -2513.105516
3.40   -2513.115493
3.45   -2513.126723
3.50   -2513.141110
3.55   -2513.155040
3.60   -2513.170145
3.65   -2513.186325
3.70   -2513.200965
3.75   -2513.218802
3.80   -2513.237359
3.85   -2513.253711
3.90   -2513.273240
3.95   -2513.290290
4.00   -2513.307532
4.05   -2513.324986
4.10   -2513.345416
4.15   -2513.362988
4.20   -2513.380464
4.25   -2513.394908
4.30   -2513.412008
4.35   -2513.428665
4.40   -2513.444823
4.45   -2513.457715
4.50   -2513.472511
4.55   -2513.484150
4.60   -2513.497193
4.65   -2513.507298
4.70   -2513.518389
4.75   -2513.526762
4.80   -2513.534322
4.85   -2513.541065
4.90   -2513.547004
4.95   -2513.552990
5.00   -2513.557174
5.05   -2513.560503
5.10   -2513.562628
5.15   -2513.564663
5.20   -2513.565950
5.25   -2513.566591
5.30   -2513.566561
5.35   -2513.566161
5.40   -2513.565076
5.45   -2513.563490
5.50   -2513.561875
5.55   -2513.559401
5.60   -2513.557122
5.65   -2513.553899
5.70   -2513.551066
5.75   -2513.547979
5.80   -2513.543857
5.85   -2513.540344
5.90   -2513.536646
5.95   -2513.532782
6.00   -2513.527724
6.05   -2513.523502
6.10   -2513.519104
6.15   -2513.514557
6.20   -2513.509854
6.25   -2513.504990
6.30   -2513.499969
6.35   -2513.494820
6.40   -2513.489539
6.45   -2513.484132
6.50   -2513.478646
6.55   -2513.474486
6.60   -2513.468887
6.65   -2513.463278
6.70   -2513.457699
6.75   -2513.453544
6.80   -2513.448093
6.85   -2513.442800
6.90   -2513.438958
6.95   -2513.434051
7.00   -2513.429467
7.05   -2513.426273
7.10   -2513.422393
7.15   -2513.419816
7.20   -2513.416797
7.25   -2513.414627
7.30   -2513.412293
7.35   -2513.408756
7.40   -2513.405778
7.45   -2513.401464
7.50   -2513.398046
7.55   -2513.394488
7.60   -2513.389537
7.65   -2513.385683
7.70   -2513.381681
7.75   -2513.377485
7.80   -2513.372128
