# rcut Energy(eV)
2.00   -2511.694053
2.05   -2511.697534
2.10   -2511.701189
2.15   -2511.705000
2.20   -2511.708680
2.25   -2511.712919
2.30   -2511.716664
2.35   -2511.721050
2.40   -2511.725742
2.45   -2511.730329
2.50   -2511.735230
2.55   -2511.740496
2.60   -2511.746133
2.65   -2511.751552
2.70   -2511.757306
2.75   -2511.763399
2.80   -2511.769850
2.85   -2511.776648
2.90   -2511.783796
2.95   -2511.790440
3.00   -2511.798233
3.05   -2511.805434
3.10   -2511.812896
3.15   -2511.820630
3.20   -2511.828653
3.25   -2511.836991
3.30   -2511.844585
3.35   -2511.853626
3.40   -2511.861900
3.45   -2511.870541
3.50   -2511.880900
3.55   -2511.890410
3.60   -2511.900341
3.65   -2511.910707
3.70   -2511.919893
3.75   -2511.930966
3.80   -2511.942327
3.85   -2511.952255
3.90   -2511.963964
3.95   -2511.974058
4.00   -2511.984181
4.05   -2511.994247
4.10   -2512.006003
4.15   -2512.015973
4.20   -2512.025967
4.25   -2512.034228
4.30   -2512.044129
4.35   -2512.054025
4.40   -2512.063851
4.45   -2512.072100
4.50   -2512.081869
4.55   -2512.090058
4.60   -2512.099743
4.65   -2512.107782
4.70   -2512.117285
4.75   -2512.125067
4.80   -2512.132766
4.85   -2512.140248
4.90   -2512.147668
4.95   -2512.156309
5.00   -2512.163432
5.05   -2512.170380
5.10   -2512.175874
5.15   -2512.182685
5.20   -2512.189267
5.25   -2512.195743
5.30   -2512.201998
5.35   -2512.206877
5.40   -2512.212865
5.45   -2512.218668
5.50   -2512.223265
5.55   -2512.228761
5.60   -2512.233094
5.65   -2512.238162
5.70   -2512.242065
5.75   -2512.245660
5.80   -2512.249830
5.85   -2512.252798
5.90   -2512.255460
5.95   -2512.257794
6.00   -2512.260202
6.05   -2512.261757
6.10   -2512.262933
6.15   -2512.263802
6.20   -2512.264324
6.25   -2512.264567
6.30   -2512.264527
6.35   -2512.264228
6.40   -2512.263715
6.45   -2512.262977
6.50   -2512.262085
6.55   -2512.261292
6.60   -2512.260140
6.65   -2512.258848
6.70   -2512.257490
6.75   -2512.256403
6.80   -2512.254939
6.85   -2512.253431
6.90   -2512.252323
6.95   -2512.250854
7.00   -2512.249466
7.05   -2512.248486
7.10   -2512.247321
7.15   -2512.246573
7.20   -2512.245814
7.25   -2512.245473
7.30   -2512.245375
7.35   -2512.245743
7.40   -2512.246544
7.45   -2512.248594
7.50   -2512.250968
7.55   -2512.254088
7.60   -2512.259260
7.65   -2512.263742
7.70   -2512.268539
7.75   -2512.273348
7.80   -2512.278987
7.85   -2512.281687
7.90   -2512.
