# rcut Energy(eV)
2.00   -2501.564815
2.05   -2502.925641
2.10   -2503.925316
2.15   -2504.772822
2.20   -2505.554280
2.25   -2506.319903
2.30   -2506.948424
2.35   -2507.568203
2.40   -2508.114496
2.45   -2508.575758
2.50   -2509.019471
2.55   -2509.400766
2.60   -2509.757681
2.65   -2510.044199
2.70   -2510.307300
2.75   -2510.544760
2.80   -2510.740333
2.85   -2510.927389
2.90   -2511.078112
2.95   -2511.211845
3.00   -2511.337476
3.05   -2511.442659
3.10   -2511.540679
3.15   -2511.626429
3.20   -2511.701303
3.25   -2511.778698
3.30   -2511.841461
3.35   -2511.910337
3.40   -2511.971590
3.45   -2512.029153
3.50   -2512.089882
3.55   -2512.143088
3.60   -2512.199513
3.65   -2512.252072
3.70   -2512.301721
3.75   -2512.353791
3.80   -2512.399759
3.85   -2512.446772
3.90   -2512.490474
3.95   -2512.530910
4.00   -2512.572289
4.05   -2512.608518
4.10   -2512.646883
4.15   -2512.679401
4.20   -2512.711007
4.25   -2512.737962
4.30   -2512.765633
4.35   -2512.791923
4.40   -2512.813703
4.45   -2512.834704
4.50   -2512.853708
4.55   -2512.871650
4.60   -2512.888159
4.65   -2512.903108
4.70   -2512.917406
4.75   -2512.929023
4.80   -2512.941072
4.85   -2512.951178
4.90   -2512.960436
4.95   -2512.970068
5.00   -2512.978056
5.05   -2512.985531
5.10   -2512.991859
5.15   -2512.998369
5.20   -2513.004525
5.25   -2513.009618
5.30   -2513.014983
5.35   -2513.019483
5.40   -2513.023669
5.45   -2513.028074
5.50   -2513.031696
5.55   -2513.035136
5.60   -2513.038314
5.65   -2513.041259
5.70   -2513.043707
5.75   -2513.046230
5.80   -2513.048596
5.85   -2513.050500
5.90   -2513.052483
5.95   -2513.054093
6.00   -2513.055737
6.05   -2513.057068
6.10   -2513.058280
6.15   -2513.059392
6.20   -2513.060402
6.25   -2513.061318
6.30   -2513.062152
6.35   -2513.062909
6.40   -2513.063597
6.45   -2513.064218
6.50   -2513.064786
6.55   -2513.065237
6.60   -2513.065702
6.65   -2513.066074
6.70   -2513.066459
6.75   -2513.066762
6.80   -2513.067074
6.85   -2513.067316
6.90   -2513.067531
6.95   -2513.067728
7.00   -2513.067928
7.05   -2513.068078
7.10   -2513.068212
7.15   -2513.068335
7.20   -2513.068442
7.25   -2513.068531
7.30   -2513.068603
7.35   -2513.068678
7.40   -2513.068737
7.45   -2513.068791
7.50   -2513.068835
7.55   -2513.068871
7.60   -2513.068906
7.65   -2513.068932
7.70   -2513.068952
7.75   -2513.068971
7.80   -2513.068988
7.85   -2513.068994
7.90   -2513.069004
