# rcut Energy(eV) RCUT3
2.00   -2508.340076
2.05   -2508.340750
2.10   -2508.340705
2.15   -2508.341507
2.20   -2508.343253
2.25   -2508.342438
2.30   -2508.342946
2.35   -2508.343751
2.40   -2508.344806
2.45   -2508.350151
2.50   -2508.346448
2.55   -2508.346916
2.60   -2508.347976
2.65   -2508.350246
2.70   -2508.349977
2.75   -2508.351841
2.80   -2508.358570
2.85   -2508.353594
2.90   -2508.355569
2.95   -2508.355582
3.00   -2508.357225
3.05   -2508.361079
3.10   -2508.358918
3.15   -2508.360180
3.20   -2508.360660
3.25   -2508.362383
3.30   -2508.363482
3.35   -2508.364154
3.40   -2508.365397
3.45   -2508.366117
3.50   -2508.367810
3.55   -2508.369380
3.60   -2508.370408
3.65   -2508.371939
3.70   -2508.373336
3.75   -2508.375169
3.80   -2508.377158
3.85   -2508.378937
3.90   -2508.381229
3.95   -2508.383317
4.00   -2508.385570
4.05   -2508.387790
4.10   -2508.390799
4.15   -2508.393534
4.20   -2508.396432
4.25   -2508.398963
4.30   -2508.402149
4.35   -2508.405503
4.40   -2508.409017
4.45   -2508.412084
4.50   -2508.415909
4.55   -2508.419235
4.60   -2508.423372
4.65   -2508.426949
4.70   -2508.431389
4.75   -2508.435197
4.80   -2508.439115
4.85   -2508.443105
4.90   -2508.447188
4.95   -2508.452152
5.00   -2508.456351
5.05   -2508.460565
5.10   -2508.463941
5.15   -2508.468153
5.20   -2508.472309
5.25   -2508.476409
5.30   -2508.480392
5.35   -2508.483504
5.40   -2508.487234
5.45   -2508.490805
5.50   -2508.493504
5.55   -2508.496697
5.60   -2508.499078
5.65   -2508.501846
5.70   -2508.503878
5.75   -2508.505753
5.80   -2508.507871
5.85   -2508.509387
5.90   -2508.510750
5.95   -2508.511969
6.00   -2508.513296
