# rcut Energy(eV) RCUT2
3.00   ERROR
3.05   ERROR
3.10   ERROR
3.15   ERROR
3.20   ERROR
3.25   ERROR
3.30   ERROR
3.35   ERROR
3.40   ERROR
3.45   ERROR
3.50   ERROR
3.55   ERROR
3.60   ERROR
3.65   -2507.821376
3.70   -2507.842362
3.75   -2507.862451
3.80   -2507.881452
3.85   -2507.900195
3.90   -2507.919056
3.95   -2507.935911
4.00   -2507.953812
4.05   -2507.969671
4.10   -2507.986205
4.15   -2508.001091
4.20   -2508.015280
4.25   -2508.028053
4.30   -2508.041413
4.35   -2508.054588
4.40   -2508.066063
4.45   -2508.077416
4.50   -2508.088312
4.55   -2508.098922
4.60   -2508.109226
4.65   -2508.119062
4.70   -2508.128886
4.75   -2508.137393
4.80   -2508.146620
4.85   -2508.154883
4.90   -2508.162912
4.95   -2508.171806
5.00   -2508.179732
5.05   -2508.187615
5.10   -2508.194794
5.15   -2508.202524
5.20   -2508.210478
5.25   -2508.217330
5.30   -2508.225014
5.35   -2508.231823
5.40   -2508.238452
5.45   -2508.245858
5.50   -2508.252144
5.55   -2508.258602
5.60   -2508.264785
5.65   -2508.270897
5.70   -2508.276313
5.75   -2508.282117
5.80   -2508.288134
5.85   -2508.293201
5.90   -2508.298900
5.95   -2508.303880
6.00   -2508.309338
6.05   -2508.314395
6.10   -2508.318893
6.15   -2508.323351
6.20   -2508.327681
6.25   -2508.331897
6.30   -2508.336056
6.35   -2508.340058
6.40   -2508.344069
6.45   -2508.347897
6.50   -2508.351753
6.55   -2508.354984
6.60   -2508.358695
6.65   -2508.361810
6.70   -2508.365399
6.75   -2508.368411
6.80   -2508.371891
6.85   -2508.374856
6.90   -2508.377825
6.95   -2508.380744
7.00   -2508.384075
