# rcut Energy(eV)
4.00   -2509.151333
4.05   -2509.206386
4.10   -2509.265101
4.15   -2509.319274
4.20   -2509.371864
4.25   -2509.419747
4.30   -2509.470731
4.35   -2509.521091
4.40   -2509.565983
4.45   -2509.610332
4.50   -2509.653743
4.55   -2509.696278
4.60   -2509.738029
4.65   -2509.778909
4.70   -2509.819215
4.75   -2509.855106
4.80   -2509.893991
4.85   -2509.928958
4.90   -2509.963317
4.95   -2510.000994
5.00   -2510.034940
5.05   -2510.068312
5.10   -2510.098618
5.15   -2510.131327
5.20   -2510.164496
5.25   -2510.193256
5.30   -2510.225434
5.35   -2510.253567
5.40   -2510.281400
5.45   -2510.311856
5.50   -2510.338304
5.55   -2510.364831
5.60   -2510.390429
5.65   -2510.415669
5.70   -2510.437750
5.75   -2510.461769
5.80   -2510.486048
5.85   -2510.506644
5.90   -2510.529752
5.95   -2510.549761
6.00   -2510.571633
6.05   -2510.590598
6.10   -2510.608885
6.15   -2510.626639
6.20   -2510.643818
6.25   -2510.660136
6.30   -2510.676071
6.35   -2510.690867
6.40   -2510.705407
6.45   -2510.718682
6.50   -2510.731624
6.55   -2510.741920
6.60   -2510.753235
6.65   -2510.762202
6.70   -2510.772059
6.75   -2510.779743
6.80   -2510.788273
6.85   -2510.795018
6.90   -2510.801546
6.95   -2510.807595
7.00   -2510.814269
7.05   -2510.819982
7.10   -2510.825330
7.15   -2510.830791
7.20   -2510.835944
7.25   -2510.841160
7.30   -2510.845498
7.35   -2510.850570
7.40   -2510.855463
7.45   -2510.860264
7.50   -2510.864228
7.55   -2510.868672
7.60   -2510.872789
7.65   -2510.876074
7.70   -2510.879463
7.75   -2510.881995
7.80   -2510.884395
7.85   -2510.885930
7.90   -2510.886964
7.95   -2510.887441
8.00   -2510.887296
8.05   -2510.886528
8.10   -2510.885217
8.15   -2510.883339
8.20   -2510.880492
8.25   -2510.877477
8.30   -2510.873945
8.35   -2510.869891
8.40   -2510.865304
8.45   -2510.860141
8.50   -2510.855400
8.55   -2510.849136
8.60   -2510.842219
8.65   -2510.834650
8.70   -2510.826411
8.75   -2510.819055
8.80   -2510.809686
8.85   -2510.799808
8.90   -2510.791229
8.95   -2510.780675
9.00   -2510.769944
