# rcut Energy(eV)
2.00   -2468.275320
2.05   -2475.698383
2.10   -2481.834530
2.15   -2486.958181
2.20   -2491.025078
2.25   -2494.727034
2.30   -2497.366038
2.35   -2499.742010
2.40   -2501.633202
2.45   -2503.067093
2.50   -2504.355951
2.55   -2505.361405
2.60   -2506.240017
2.65   -2506.898827
2.70   -2507.468877
2.75   -2507.955969
2.80   -2508.340975
2.85   -2508.691017
2.90   -2508.964269
2.95   -2509.198833
3.00   -2509.408086
3.05   -2509.580221
3.10   -2509.728373
3.15   -2509.854029
3.20   -2509.957627
3.25   -2510.056423
3.30   -2510.134043
3.35   -2510.207283
3.40   -2510.268846
3.45   -2510.320116
3.50   -2510.368456
3.55   -2510.406742
3.60   -2510.441703
3.65   -2510.471074
3.70   -2510.495276
3.75   -2510.517851
3.80   -2510.535476
3.85   -2510.551326
3.90   -2510.564413
3.95   -2510.575157
4.00   -2510.584904
4.05   -2510.592484
4.10   -2510.599601
4.15   -2510.604870
4.20   -2510.609449
4.25   -2510.612858
4.30   -2510.615946
4.35   -2510.618485
4.40   -2510.620295
4.45   -2510.621821
4.50   -2510.622973
4.55   -2510.623920
4.60   -2510.624642
4.65   -2510.625170
4.70   -2510.625618
4.75   -2510.625902
4.80   -2510.626160
4.85   -2510.626344
4.90   -2510.626490
4.95   -2510.626637
5.00   -2510.626746
5.05   -2510.626856
5.10   -2510.626947
5.15   -2510.627049
5.20   -2510.627154
5.25   -2510.627247
5.30   -2510.627356
5.35   -2510.627454
5.40   -2510.627559
5.45   -2510.627673
5.50   -2510.627783
5.55   -2510.627891
5.60   -2510.628004
5.65   -2510.628117
5.70   -2510.628218
5.75   -2510.628330
5.80   -2510.628436
5.85   -2510.628524
5.90   -2510.628606
5.95   -2510.628663
6.00   -2510.628707
