# rcut Energy(eV)
2.00   -2460.727903
2.05   -2463.939475
2.10   -2467.159847
2.15   -2470.339932
2.20   -2473.327207
2.25   -2476.491367
2.30   -2479.170893
2.35   -2481.960012
2.40   -2484.542949
2.45   -2486.832002
2.50   -2489.129284
2.55   -2491.225723
2.60   -2493.273445
2.65   -2495.008708
2.70   -2496.707282
2.75   -2498.283032
2.80   -2499.704255
2.85   -2501.087653
2.90   -2502.287812
2.95   -2503.407707
3.00   -2504.472536
3.05   -2505.432304
3.10   -2506.292973
3.15   -2507.070914
3.20   -2507.741220
3.25   -2508.401804
3.30   -2508.947279
3.35   -2509.471786
3.40   -2509.933411
3.45   -2510.330389
3.50   -2510.721018
3.55   -2511.042636
3.60   -2511.348342
3.65   -2511.617134
3.70   -2511.848645
3.75   -2512.076619
3.80   -2512.264647
3.85   -2512.443391
3.90   -2512.600629
3.95   -2512.738861
4.00   -2512.872981
4.05   -2512.986184
4.10   -2513.103238
4.15   -2513.198627
4.20   -2513.290738
4.25   -2513.368081
4.30   -2513.446284
4.35   -2513.521420
4.40   -2513.581300
4.45   -2513.639884
4.50   -2513.691368
4.55   -2513.739675
4.60   -2513.784352
4.65   -2513.822409
4.70   -2513.861462
4.75   -2513.891584
4.80   -2513.923313
4.85   -2513.950858
4.90   -2513.975503
4.95   -2514.002910
5.00   -2514.026081
5.05   -2514.048444
5.10   -2514.068913
5.15   -2514.090013
5.20   -2514.112086
5.25   -2514.130773
5.30   -2514.151765
5.35   -2514.170485
5.40   -2514.188603
5.45   -2514.209188
5.50   -2514.226524
5.55   -2514.244366
5.60   -2514.261184
5.65   -2514.277694
5.70   -2514.291842
5.75   -2514.306650
5.80   -2514.321331
5.85   -2514.333129
5.90   -2514.345730
5.95   -2514.356068
6.00   -2514.366712
6.05   -2514.375304
6.10   -2514.382919
6.15   -2514.389856
6.20   -2514.395857
6.25   -2514.401156
6.30   -2514.405736
6.35   -2514.409612
6.40   -2514.412912
6.45   -2514.415644
6.50   -2514.417889
6.55   -2514.419540
6.60   -2514.421012
6.65   -2514.422088
6.70   -2514.423058
6.75   -2514.423755
6.80   -2514.424421
6.85   -2514.424860
6.90   -2514.425308
6.95   -2514.425671
7.00   -2514.426118
7.05   -2514.426556
7.10   -2514.426966
7.15   -2514.427477
7.20   -2514.427987
7.25   -2514.428576
7.30   -2514.429119
7.35   -2514.429761
7.40   -2514.430476
7.45   -2514.431174
7.50   -2514.431799
7.55   -2514.432548
7.60   -2514.433262
7.65   -2514.433882
7.70   -2514.434602
7.75   -2514.435203
7.80   -2514.435874
