# rcut Energy(eV)
4.00   -2510.289666
4.05   -2510.410369
4.10   -2510.530093
4.15   -2510.630699
4.20   -2510.722170
4.25   -2510.799078
4.30   -2510.875129
4.35   -2510.944939
4.40   -2511.002094
4.45   -2511.055143
4.50   -2511.102789
4.55   -2511.146586
4.60   -2511.186275
4.65   -2511.222205
4.70   -2511.255639
4.75   -2511.283183
4.80   -2511.311295
4.85   -2511.335124
4.90   -2511.357121
4.95   -2511.380097
5.00   -2511.399718
5.05   -2511.417918
5.10   -2511.434048
5.15   -2511.450287
5.20   -2511.466442
5.25   -2511.479583
5.30   -2511.493819
5.35   -2511.505883
5.40   -2511.517138
5.45   -2511.529390
5.50   -2511.539243
5.55   -2511.549199
5.60   -2511.558262
5.65   -2511.566922
5.70   -2511.574342
5.75   -2511.581962
5.80   -2511.589760
5.85   -2511.595908
5.90   -2511.602793
5.95   -2511.608506
6.00   -2511.614587
6.05   -2511.619719
6.10   -2511.624530
6.15   -2511.629112
6.20   -2511.633424
6.25   -2511.637427
6.30   -2511.641282
6.35   -2511.644744
6.40   -2511.648173
6.45   -2511.651197
6.50   -2511.654235
6.55   -2511.656581
6.60   -2511.659307
6.65   -2511.661429
6.70   -2511.663929
6.75   -2511.665905
6.80   -2511.668248
6.85   -2511.670201
6.90   -2511.672189
6.95   -2511.674141
7.00   -2511.676392
7.05   -2511.678415
7.10   -2511.680383
7.15   -2511.682415
7.20   -2511.684376
7.25   -2511.686368
7.30   -2511.688001
7.35   -2511.689886
7.40   -2511.691683
7.45   -2511.693393
7.50   -2511.694758
7.55   -2511.696254
7.60   -2511.697596
7.65   -2511.698627
7.70   -2511.699688
7.75   -2511.700447
7.80   -2511.701166
7.85   -2511.701632
7.90   -2511.701947
7.95   -2511.702129
8.00   -2511.702121
8.05   -2511.701953
8.10   -2511.701630
8.15   -2511.701143
8.20   -2511.700377
8.25   -2511.699537
8.30   -2511.698539
8.35   -2511.697362
8.40   -2511.696025
8.45   -2511.694504
8.50   -2511.693114
8.55   -2511.691278
8.60   -2511.689269
8.65   -2511.687081
8.70   -2511.684730
8.75   -2511.682639
8.80   -2511.680007
8.85   -2511.677239
8.90   -2511.674858
8.95   -2511.671938
9.00   -2511.668968
