    84
     1   -0.434562   -0.250894    0.000000       0.006944
     2   -0.347649   -0.200716    0.000000       0.006944
     3   -0.260737   -0.150537    0.000000       0.006944
     4   -0.173825   -0.100358    0.000000       0.006944
     5   -0.086912   -0.050179    0.000000       0.006944
     6    0.000000    0.000000    0.000000       0.006944
     7    0.086912    0.050179    0.000000       0.006944
     8    0.173825    0.100358    0.000000       0.006944
     9    0.260737    0.150537    0.000000       0.006944
    10    0.347649    0.200716    0.000000       0.006944
    11    0.434562    0.250894    0.000000       0.006944
    12    0.521474    0.301073    0.000000       0.006944
    13   -0.434562   -0.150537    0.000000       0.013889
    14   -0.347649   -0.100358    0.000000       0.013889
    15   -0.260737   -0.050179    0.000000       0.013889
    16   -0.173825    0.000000    0.000000       0.013889
    17   -0.086912    0.050179    0.000000       0.013889
    18    0.000000    0.100358    0.000000       0.013889
    19    0.086912    0.150537    0.000000       0.013889
    20    0.173825    0.200716    0.000000       0.013889
    21    0.260737    0.250894    0.000000       0.013889
    22    0.347649    0.301073    0.000000       0.013889
    23    0.434562    0.351252    0.000000       0.013889
    24    0.521474    0.401431    0.000000       0.013889
    25   -0.434562   -0.050179    0.000000       0.013889
    26   -0.347649    0.000000    0.000000       0.013889
    27   -0.260737    0.050179    0.000000       0.013889
    28   -0.173825    0.100358    0.000000       0.013889
    29   -0.086912    0.150537    0.000000       0.013889
    30    0.000000    0.200716    0.000000       0.013889
    31    0.086912    0.250894    0.000000       0.013889
    32    0.173825    0.301073    0.000000       0.013889
    33    0.260737    0.351252    0.000000       0.013889
    34    0.347649    0.401431    0.000000       0.013889
    35    0.434562    0.451610    0.000000       0.013889
    36    0.521474    0.501789    0.000000       0.013889
    37   -0.434562    0.050179    0.000000       0.013889
    38   -0.347649    0.100358    0.000000       0.013889
    39   -0.260737    0.150537    0.000000       0.013889
    40   -0.173825    0.200716    0.000000       0.013889
    41   -0.086912    0.250894    0.000000       0.013889
    42    0.000000    0.301073    0.000000       0.013889
    43    0.086912    0.351252    0.000000       0.013889
    44    0.173825    0.401431    0.000000       0.013889
    45    0.260737    0.451610    0.000000       0.013889
    46    0.347649    0.501789    0.000000       0.013889
    47    0.434562    0.551968    0.000000       0.013889
    48    0.521474    0.602147    0.000000       0.013889
    49   -0.434562    0.150537    0.000000       0.013889
    50   -0.347649    0.200716    0.000000       0.013889
    51   -0.260737    0.250894    0.000000       0.013889
    52   -0.173825    0.301073    0.000000       0.013889
    53   -0.086912    0.351252    0.000000       0.013889
    54    0.000000    0.401431    0.000000       0.013889
    55    0.086912    0.451610    0.000000       0.013889
    56    0.173825    0.501789    0.000000       0.013889
    57    0.260737    0.551968    0.000000       0.013889
    58    0.347649    0.602147    0.000000       0.013889
    59    0.434562    0.652326    0.000000       0.013889
    60    0.521474    0.702504    0.000000       0.013889
    61   -0.434562    0.250894    0.000000       0.013889
    62   -0.347649    0.301073    0.000000       0.013889
    63   -0.260737    0.351252    0.000000       0.013889
    64   -0.173825    0.401431    0.000000       0.013889
    65   -0.086912    0.451610    0.000000       0.013889
    66    0.000000    0.501789    0.000000       0.013889
    67    0.086912    0.551968    0.000000       0.013889
    68    0.173825    0.602147    0.000000       0.013889
    69    0.260737    0.652326    0.000000       0.013889
    70    0.347649    0.702504    0.000000       0.013889
    71    0.434562    0.752683    0.000000       0.013889
    72    0.521474    0.802862    0.000000       0.013889
    73   -0.434562    0.351252    0.000000       0.006944
    74   -0.347649    0.401431    0.000000       0.006944
    75   -0.260737    0.451610    0.000000       0.006944
    76   -0.173825    0.501789    0.000000       0.006944
    77   -0.086912    0.551968    0.000000       0.006944
    78    0.000000    0.602147    0.000000       0.006944
    79    0.086912    0.652326    0.000000       0.006944
    80    0.173825    0.702504    0.000000       0.006944
    81    0.260737    0.752683    0.000000       0.006944
    82    0.347649    0.802862    0.000000       0.006944
    83    0.434562    0.853041    0.000000       0.006944
    84    0.521474    0.903220    0.000000       0.006944
